1 0.5328125 0.425 0.2890625000000001 0.425 0.2890625000000001 0.6703125 0.5328125 0.6703125
1 0.8234375 0.3531250000000001 0.73125 0.3531250000000001 0.73125 0.44062500000000016 0.8234375 0.44062500000000016
1 0.775 0.5421875 0.7125 0.5421875 0.7125 0.5953125000000001 0.775 0.5953125000000001
1 0.6343750000000001 0.8078125 0.5906250000000002 0.8078125 0.5906250000000002 0.8484375 0.6343750000000001 0.8484375
1 0.5625000000000002 0.8265625 0.5015625000000001 0.8265625 0.5015625000000001 0.8703125 0.5625000000000002 0.8703125
1 0.4718750000000001 0.6703125 0.4078125 0.6703125 0.4078125000000001 0.7328125 0.47187500000000016 0.7328125
1 0.6296875 0.4859375 0.590625 0.4859375 0.590625 0.525 0.6296875 0.525
1 0.20468750000000008 0.6703125 0.1453125000000001 0.6703125 0.1453125000000001 0.7265625 0.20468750000000008 0.7265625
1 0.37187500000000007 0.3375 0.3078125 0.3375 0.30781250000000004 0.39062500000000006 0.37187500000000007 0.3906250000000001
1 0.5078125 0.2500000000000001 0.471875 0.2500000000000001 0.471875 0.2906250000000001 0.5078125 0.2906250000000001
1 0.4984375 0.08281250000000005 0.4265625 0.08281250000000004 0.4265625 0.14843750000000006 0.4984375 0.14843750000000006
1 0.12031250000000009 0.55 0.07500000000000007 0.55 0.07500000000000007 0.59375 0.12031250000000009 0.59375
1 0.05937500000000003 0.240625 0.012500000000000028 0.240625 0.01250000000000003 0.290625 0.059375000000000046 0.290625