1 0.509375 0.425 0.3000000000000001 0.425 0.3000000000000001 0.6375 0.509375 0.6375
1 0.83125 0.40937500000000016 0.7515625 0.40937500000000016 0.7515625 0.48437500000000017 0.83125 0.48437500000000017
1 0.75625 0.5875000000000001 0.7 0.5875 0.7 0.6328125000000001 0.75625 0.6328125000000002
1 0.5718750000000001 0.825 0.5343750000000002 0.825 0.5343750000000002 0.8609375 0.5718750000000001 0.8609375
1 0.4984375000000002 0.83125 0.4421875000000002 0.83125 0.4421875000000002 0.865625 0.4984375000000002 0.865625
1 0.434375 0.6609375 0.3781250000000001 0.6609375 0.3781250000000001 0.7140625 0.434375 0.7140625
1 0.625 0.5078125 0.590625 0.5078125 0.590625 0.540625 0.625 0.540625
1 0.1703125000000001 0.615625 0.11875000000000009 0.615625 0.11875000000000009 0.6640625 0.1703125000000001 0.6640625
1 0.3953125 0.31562500000000004 0.3375 0.315625 0.3375 0.3609375 0.3953125 0.3609375000000001
1 0.54375 0.25468750000000007 0.5140625 0.25468750000000007 0.5140625 0.2906250000000001 0.54375 0.2906250000000001
1 0.5609375 0.08593750000000007 0.4984375 0.08593750000000007 0.4984375 0.14218750000000008 0.5609375 0.14218750000000008
1 0.11093750000000005 0.48125 0.07187500000000006 0.48125 0.07187500000000006 0.51875 0.11093750000000005 0.51875
1 0.10312500000000002 0.165625 0.06250000000000003 0.165625 0.06250000000000003 0.209375 0.10312500000000005 0.209375