1 0.596875 0.4234375 0.509375 0.4234375 0.509375 0.4953125 0.596875 0.4953125
1 0.5125 0.5921875 0.4734375 0.5921875 0.4734375 0.6296875 0.5125 0.6296875
1 0.2812500000000001 0.4453125 0.09375000000000004 0.4453125 0.09375000000000006 0.621875 0.2812500000000001 0.621875
1 0.8125 0.6593750000000002 0.778125 0.6593750000000002 0.778125 0.6875000000000002 0.8125 0.6875000000000002
1 0.16406250000000006 0.340625 0.12968750000000004 0.340625 0.12968750000000004 0.375 0.16406250000000006 0.375
1 0.3375 0.13281250000000006 0.284375 0.13281250000000006 0.284375 0.17812500000000003 0.3375 0.17812500000000003
1 0.3968750000000001 0.521875 0.3656250000000001 0.521875 0.3656250000000001 0.5453125 0.3968750000000001 0.5453125
1 0.3296875000000001 0.45625 0.3000000000000001 0.45625 0.3000000000000001 0.4828125 0.3296875000000001 0.4828125
1 0.2843750000000001 0.8203125 0.24375000000000008 0.8203125 0.24375000000000008 0.853125 0.2843750000000001 0.853125
1 0.3468750000000001 0.8046875 0.31718750000000007 0.8046875 0.31718750000000007 0.84375 0.3468750000000001 0.84375
1 0.3109375000000001 0.7640625 0.2843750000000001 0.7640625 0.2843750000000001 0.79375 0.3109375000000001 0.79375
1 0.20468750000000008 0.6609375 0.1687500000000001 0.6609375 0.1687500000000001 0.709375 0.20468750000000008 0.709375