0 0.14648437656250002 0.1688528 0.09570312500000003 0.1688528 0.09570312500000003 0.290583884375 0.14648437656250005 0.290583884375
0 0.0664062515625 0.06675575781250001 0.015625000000000007 0.06675575781250001 0.015625000000000017 0.1609991796875 0.06640625156250002 0.1609991796875
0 0.14350998960727687 0.6561747020056007 0.1351641166889716 0.5471073497010588 0.08228862367795975 0.5511534013914899 0.090634496596265 0.6602207536960318
0 0.21194219960614186 0.7179988791933833 0.04660734174345418 0.669072767390304 -0.03605500328311284 0.9484116840115858 0.12927985457957486 0.9973377958146651
0 0.09860338047465626 0.805410128725501 0.07417314897354936 0.8036742475793093 0.06953851615057124 0.8689005754511063 0.09396874765167815 0.8706364565972983
0 0.3324257591757639 0.8746919402567628 0.2999425480432354 0.8708695431952005 0.28964088618817035 0.9584143617121004 0.3221240973206988 0.9622367587736627
0 0.27072519843750004 0.3247827046875 0.22325760156250002 0.3247827046875 0.22325760156250007 0.42687873749999994 0.2707251984375001 0.42687873749999994
0 0.5547094841960829 0.5973680300508544 0.5429275510406507 0.13351793684539864 0.2715063004504201 0.14041211899230502 0.2832882336058523 0.6042622121977608
0 0.37201188124414325 0.32378991872752344 0.3701657938459225 0.23665058343278528 0.33972009169746664 0.2372955898110889 0.34156617909568737 0.32443492510582705
0 0.35312663265171595 0.38299617924573415 0.3078213795201948 0.3749070458997522 0.29390935988281613 0.4528248578931982 0.3392146130143373 0.4609139912391801
0 0.5989016293244664 0.21858105038345627 0.5942461751920842 0.1281019985661768 0.5424570981116825 0.1307667222570607 0.5471125522440647 0.22124577407434015
0 0.7902197486566501 0.41548468020757506 0.7664572811757501 0.2098754559653849 0.6514473255048707 0.2231672736923458 0.6752097929857708 0.428776497934536
0 0.7203896780478167 0.6744427800426405 0.6596047881164337 0.6734340791170148 0.6578203108322356 0.7809676924501965 0.7186052007636186 0.781976393375822
0 0.7925945362068315 0.8388515786254362 0.7333107724843723 0.8357851580764482 0.727332063054292 0.9513728250502689 0.7866158267767512 0.954439245599257
0 0.40387759475936863 0.7730498665806105 0.3941871808578131 0.6102542363769865 0.3062390215979275 0.6154893527252707 0.315929435499483 0.7782849829288947
0 0.41619898639050773 0.04815905056988478 0.34443931917609194 0.04185457678429105 0.3325334734707934 0.17737096637904118 0.40429314068520916 0.1836754401646349
0 0.8640456820196902 0.39032756711744815 0.8503432027231123 0.2753761728421786 0.7825781683484933 0.28345392593429464 0.7962806476450712 0.3984053202095642
0 0.7245061440521523 0.6096443503619866 0.6955642058002882 0.4724475045044224 0.6231544041751953 0.48772249128975176 0.6520963424270594 0.624919337147316
0 0.6597377158765341 0.6737942724987489 0.4502009889088697 0.6564079867795398 0.42276440426777134 0.987069304424592 0.6323011312354357 1.004455590143801
0 0.8700868618957852 0.5119663227883299 0.7574975350796428 0.5079143163401385 0.7493889895071282 0.7332189152197716 0.8619783163232706 0.7372709216679629
0 0.4113805498967434 0.9359392749010482 0.39558704439806436 0.7958261202748633 0.3233490134381439 0.8039687657118538 0.33914251893682285 0.9440819203380387
0 0.33647313384171784 0.19287724394108946 0.28078928411659354 0.18146234165995262 0.26017818621399397 0.28200680976063575 0.3158620359391183 0.29342171204177264