0 0.27694834704885923 0.5639308810768626 0.26991453092497875 0.3331622875892637 0.11476366029782196 0.3378912789955836 0.12179747642170244 0.5686598724831826
0 0.5198071743339309 0.45279719904126103 0.507558347492545 0.33693503853783224 0.4200396082923037 0.3461874284223489 0.4322884351336896 0.46204958892577774
0 0.39540921584245664 0.20567987239338875 0.3190642955253586 0.1866758358099534 0.2959723667642469 0.2794430462652223 0.3723172870813449 0.29844708284865773
0 0.43286651305610047 0.5422456595266977 0.36224715397537244 0.5367767311195245 0.35532466462699547 0.6261656798547742 0.4259440237077235 0.6316346082619473
0 0.3668673960357229 0.5166785102920984 0.3060869072517096 0.5041319733363444 0.2869595997230777 0.5967923707681007 0.34774008850709104 0.6093389077238547
0 0.20304010325111865 0.7120741349763986 0.13791598142688583 0.7113693226695543 0.13700869622873413 0.7952017858657672 0.20213281805296696 0.7959065981726113
0 0.14334363544247336 0.7032170839522464 0.07181207098120537 0.7002494280212417 0.06738338690522323 0.8069972140937516 0.13891495136649118 0.8099648700247564
0 0.05235002686159461 0.9329408359676312 0.04822596548471137 0.7742750624925603 -0.0029277988768832393 0.7756046577749289 0.0011962625000000004 0.9342704312500001
0 0.20874772187499996 0.9999999999999998 0.2058015610750903 0.9091632047874398 0.09950737586933213 0.9126107037990325 0.10245353666924181 1.0034474990115925
0 0.12099622255576259 0.4307985226477298 0.1143713633111676 0.3357489571733652 0.04200667086856656 0.3407927035526155 0.048631530113161535 0.43584226902698003
0 0.027796976970088438 0.262497782330864 0.0011518218750000322 0.2623157890625 0.0004700589272457319 0.36213090664512626 0.02711521402233414 0.36231289991349025
0 0.30045064613465466 0.10347962341872212 0.2877532739922411 -0.0027188832808867193 0.15675344531250002 0.012943799999999997 0.1694508174549136 0.11914230669960886
0 0.6313508593750001 0.6663257046875 0.5783496390625001 0.6663257046875 0.5783496390625003 0.756158484375 0.6313508593750001 0.756158484375
0 0.694776115625 0.0031964421875000787 0.48433788856181137 -0.00020573932810609706 0.4818436617082046 0.15407194237662247 0.6922818887713932 0.15747412389222865
0 0.7566274456527642 0.08485565498938612 0.6754135012113605 0.07883388193667702 0.6631189354277011 0.24464720199132334 0.7443328798691049 0.2506689750440324
0 0.6636720266911971 0.40462539575965223 0.6507573263946417 0.2911322594082598 0.5665603559866061 0.3007132673322194 0.5794750562831615 0.41420640368361183
0 0.8430732895942683 0.287625581592151 0.7130732341486026 0.2800565526043276 0.7041866619188415 0.4326857583385591 0.8341867173645072 0.4402547873263825
0 0.8417472459832982 0.818905614765572 0.7699280331144022 0.6635492484242176 0.6504347743950747 0.7187894164743958 0.7222539872639707 0.8741457828157501
0 0.7953149482696945 0.8495890027545283 0.7294589449551697 0.8216600695234071 0.6935744644120132 0.9062751334083676 0.759430467726538 0.9342040666394889
0 0.7159725675820235 0.9308524445066613 0.7013284456788108 0.7627663363916877 0.5891068343708084 0.7725433903945398 0.6037509562740212 0.9406294985095135
0 0.9276236899290218 0.631740657355607 0.859757007725339 0.6226441486911686 0.8446018397128885 0.7357129104750493 0.9124685219165712 0.7448094191394877
0 0.9195914735905172 0.34427202626877157 0.9072414914770605 0.258194554777649 0.8515279383180168 0.26618806774999826 0.8638779204314735 0.3522655392411208
0 0.8882865246226268 0.5511654186904493 0.8730805761069809 0.4789722431684248 0.8283708301685578 0.48838939499713 0.8435767786842039 0.5605825705191545
0 0.7321180169698062 0.6290732096075826 0.6968077531761296 0.6219808466398297 0.6882303841950885 0.6646844085913709 0.723540647988765 0.6717767715591239
0 0.8385162718749999 0.009353295312500098 0.7723341671874999 0.009353295312500095 0.7723341671874999 0.08531706250000008 0.8385162718749999 0.0853170625000001
0 0.9322516810743329 0.9530774582306808 0.8606166321415539 0.9320205018021767 0.8443846328125002 0.9872412109375002 0.916019681745279 1.0082981673660043