0 0.6212354384983098 0.6482117371806655 0.3548794550019624 0.5938071155505351 0.277912165656486 0.9706261694543773 0.5442681491528334 1.0250307910845078
0 0.21746859693501963 0.573197373965778 0.21419276509502513 0.5018798463710292 0.16723927311772532 0.5040365636494545 0.1705151049577198 0.5753540912442032
0 0.8535156265625 0.0386556046875001 0.7675781265625 0.038655604687500095 0.7675781265625 0.15462239531250008 0.8535156265625 0.15462239531250008
0 0.058556254714026555 0.5077274976832171 0.05468881348250258 0.4464928635229814 0.007270540244776644 0.4494876945946813 0.01113798147630061 0.5107223287549171
0 0.29383650661266786 0.5448776333021683 0.25031534059114535 0.526886112397135 0.22634980473881877 0.5848583133094024 0.2698709707603413 0.6028498342144358
0 0.7753906265625001 0.6648763015625001 0.6972656265625 0.6648763015625001 0.6972656265625001 0.7847086562500001 0.7753906265625001 0.7847086562500002
0 0.16796874687500002 0.9953816765625003 0.16656775628560258 0.9153925448277744 0.055476828209929316 0.9173382759718203 0.056877818799326754 0.9973274077065462
0 0.18820300656616867 0.26000754049372254 0.17817312981758887 0.10290810315137684 0.11324427826680053 0.10705342912770166 0.12327415501538033 0.2641528664700474
0 0.12304687343750002 0.13916015625 0.06835937343750002 0.13916015625 0.06835937343750002 0.24159748906249998 0.12304687343750005 0.24159748906249998
0 1 0.19327800000000012 0.9355468734375 0.19327800000000012 0.9355468734375 0.3131103546875001 1 0.3131103546875001
0 0.8925591488881542 0.7780210654143147 0.8912077816047701 0.6444067935898656 0.807234377313234 0.6452560959112753 0.8085857445966182 0.7788703677357244
0 0.7208795339834413 0.44650599304696337 0.706028244502282 0.3716185296879302 0.6611423730811683 0.3805200606009631 0.6759936625623277 0.4554075239599963
0 0.6646771579095884 0.31491799565968615 0.6317470442338579 0.17305517057145972 0.565727846526344 0.18837997242802013 0.5986579602020745 0.3302427975162465
0 0.5027974681018571 0.3858718794294705 0.4994955542148511 0.3205215615011681 0.46813031469235045 0.3221063329794376 0.4714322285793564 0.38745665090773995
0 0.5448975539241154 0.15187834457863705 0.5406206346645146 0.11081995426196004 0.5143670826005009 0.11355470157157166 0.5186440018601018 0.15461309188824862
0 0.4979487068787568 0.18879599640604308 0.4253022506488723 0.00683373616266314 0.3156221247451572 0.05062233526609918 0.38826858097504174 0.2325845955094791
0 0.670012975178914 0.04020273770574247 0.628948636018891 0.0397789080141147 0.628284088754162 0.1041660776856997 0.669348427914185 0.10458990737732747
0 0.19730643354201227 0.41509971212949176 0.17349070370935266 0.31149220698841634 0.135325334017005 0.3202650862534743 0.1591410638496646 0.42387259139454975
0 0.2685994423387683 0.09652708133577123 0.17758093943308878 0.09395595397386092 0.17413065716928017 0.216096743615862 0.2651491600749597 0.21866787097777235
0 0.39406923055708665 0.23636341390532528 0.36100723904205123 0.22680938879250706 0.34466436670073874 0.2833643905116096 0.3777263582157742 0.2929184156244278