0 0.3006439473944501 0.4333939976491026 0.18799836788563168 0.39560443533584355 0.14871247674977034 0.5127103688958823 0.2613580562585887 0.5504999312091414
0 0.10899358683973577 0.6550245823099518 0.051876839040237946 0.6210799610273405 0.005758501333288502 0.6986807520866678 0.06287524913278633 0.732625373369279
0 0.05921428437500009 0.5574395890625001 0.014288779384252881 0.5550089295523438 0.010455167199875826 0.6258649925270997 0.05538067219062304 0.628295652037256
0 0.4290278203125001 0.717346346875 0.26231576875000007 0.717346346875 0.26231576875000007 0.9193337578125 0.4290278203125002 0.9193337578125
0 0.3718895972610481 0.6507338548884058 0.32347066365169574 0.6255716550248979 0.29677107343750014 0.6769489468750001 0.3451900070468525 0.7021111467385082
0 0.15442850208543518 0.8422744674655169 0.14746057918704877 0.7193397384679311 0.05748492703842754 0.7244395455933523 0.06445284993681395 0.8473742745909382
0 0.3902774421875 0.0002907578125000413 0.27577412970814213 -0.000011719329289270816 0.27552480427513015 0.09437091003682772 0.390028116754488 0.09467338717861704
0 0.0912255046875 0.03563863125000001 0.0027734890625000052 0.035638631250000004 0.0027734890625000118 0.1366323796875 0.09122550468750001 0.1366323796875
0 0.12048652986732844 0.41643072644705514 0.09214152334614892 0.4072517438831289 0.07738256196854483 0.45282791243781517 0.10572756848972435 0.4620068950017413
0 0.6648998374999999 7.372727108441492e-17 0.5391578734375 6.602779639403281e-17 0.5391578734375 0.08276900000000006 0.6648998374999999 0.08276900000000008
0 0.1636718734375 2.0044023591568508e-17 0.06595347968750001 1.4060497685380597e-17 0.06595347968750001 0.07771935781250001 0.1636718734375 0.07771935781250003
0 0.4754274996665012 0.12121767710170359 0.3262996039362559 0.10995230488287958 0.3083944629122704 0.3469756319238204 0.4575223586425158 0.3582410041426445
0 0.11144311250000014 0.9243834984375001 0.004421032812500118 0.9243834984375001 0.004421032812500122 1 0.11144311250000014 1
0 0.7216026174648134 0.46513454947088884 0.6230472968193859 0.46439832840912343 0.6219273858661505 0.6143168635102328 0.720482706511578 0.6150530845719981