0 0.36112158830380386 0.2250712750883647 0.31569842880053894 0.01420062411759102 0.15144486118932948 0.049582105448619615 0.1968680206925944 0.2604527564193933
0 0.07226562343750012 0.8587849890625 0.00585937656250011 0.8587849890625 0.005859376562500117 0.9714762390624999 0.07226562343750012 0.9714762390624999
0 0.12602653368666322 0.8099583234768746 0.12018762356146846 0.6124695101007843 0.0021841577370331046 0.6159583742021562 0.008023067862227878 0.8134471875782465
0 0.3001165864313357 0.5181884753670583 0.18147459450309142 0.49433582955316957 0.11785214941716868 0.8107910217878228 0.23649414134541297 0.8346436676017113
0 0.3261718750000001 0.4235636359375 0.2519531250000001 0.4235636359375 0.2519531250000001 0.5906575515625 0.3261718750000001 0.5906575515625
0 0.5394697808379001 0.448468015664292 0.4828855981584915 0.338770033134273 0.3955642563830915 0.38381194403248103 0.4521484390625 0.49350992656250003
0 0.6972656234375 7.707859980961613e-17 0.5585937484375 6.858739641709054e-17 0.5585937484375 0.10880533281250009 0.6972656234375 0.10880533281250009
0 0.5009110843471056 0.17111009733121277 0.4603712059044195 0.15073402976949585 0.4162698633791247 0.23847731289905308 0.4568097418218108 0.25885338046077
0 0.335937496875 0.24869791718749998 0.2851562515625 0.24869791718749998 0.2851562515625 0.31864420781249997 0.335937496875 0.31864420781249997
0 0.27647106168176533 0.3793205982612475 0.2368635113621401 0.3155280844010438 0.18976305474717597 0.34477185600632476 0.22937060506680124 0.4085643698665284
0 0.748046875 0.3652750625000001 0.6875 0.3652750625000001 0.6875 0.45853678125000014 0.748046875 0.4585367812500002
0 0.7031440034275827 0.6517948302389971 0.6870918845090955 0.5432089131635458 0.6185079560055258 0.5533475886556112 0.6345600749240128 0.6619335057310625
0 0.5937500000000002 0.7810668953125 0.5039062515625001 0.7810668953125 0.5039062515625001 0.924845375 0.5937500000000002 0.924845375
0 0.04687500000000003 0.18263753124999998 3.0813625139940106e-17 0.18263753124999998 3.9379575328229314e-17 0.3225301140625 0.04687500000000004 0.3225301140625
0 0.90625 1.0781436429795473e-16 0.8544921890625 1.0464511242318055e-16 0.8544921890625 0.03885905156250011 0.90625 0.038859051562500115
0 0.8632812515625 0.1360066765625001 0.7929687484375 0.1360066765625001 0.7929687484375 0.19818115625000007 0.8632812515625 0.19818115625000007
0 0.8630311575237535 0.19713862458995357 0.857831896949865 0.13507245980797755 0.8193648532127572 0.13829483039586452 0.8245641137866457 0.20036099517784053
0 1.0015635664647289 0.1788332106904518 0.9814983671200798 0.08302453822412474 0.9255223791472401 0.09474758299946544 0.9455875784918891 0.1905562554657925
0 0.9468521537686272 0.6386864123811677 0.9295819241285483 0.451429049981508 0.7933331255449655 0.4639949005818237 0.8106033551850441 0.6512522629814834
0 1 0.7130159687500002 0.874452984375 0.7130159687500002 0.874452984375 0.9999769265625 1 0.9999769265625
0 0.7952392936867333 0.8812684146176512 0.7868199724769769 0.8193438488057317 0.7500604638753184 0.8243417055750497 0.7584797850850749 0.8862662713869691
0 0.08984374843750001 5.561140058683306e-18 0.0009765609375 1.1959422262817132e-19 0.0009765609375000092 0.1515502921875 0.08984374843750001 0.1515502921875
0 0.0523777859375 0.002290125000000003 0.0020067796875 0.002290125 0.0020067796875000046 0.07831487499999999 0.0523777859375 0.07831487499999999
0 0.08984374843750001 1.0225322395224483e-17 0.046875 7.594245383356872e-18 0.04687500000000001 0.1088053328125 0.08984374843750001 0.1088053328125
0 0.6185609240516239 0.5707636325655829 0.6107371250980063 0.503310598597809 0.5612229691146706 0.5090536879591675 0.5690467680682881 0.5765067219269414
0 0.22170912705756982 0.977773679640354 0.2177951979626899 0.9154769727927535 0.18253399143897917 0.9176923364791735 0.18644792053385909 0.979989043326774
0 0.3339843765625001 0.9054158546875 0.2929687484375001 0.9054158546875 0.2929687484375001 0.9947916671874999 0.3339843765625001 0.9947916671874999
0 0.4921874968750001 0.7188924171875 0.4589843765625001 0.7188924171875 0.4589843765625002 0.7732950828125 0.4921874968750002 0.7732950828125