0 0.48736947421726046 0.99028589553279 0.4814405898908996 0.7490625875616231 0.3595672448434508 0.7520580400795837 0.36549612916981167 0.9932813480507505
0 0.7368395635467642 0.1800147598563404 0.5716066837348268 0.16994424841469963 0.551110606409493 0.5062355977606351 0.7163434862214304 0.5163061092022758
0 0.5335323924196217 0.3637957084560856 0.5053119281222942 0.010377253547743798 0.3307580178358167 0.0243153836164636 0.35897848213314426 0.3777338385248054
0 0.49853089999022127 0.6426961680209459 0.4340838685670139 0.3252086827014235 0.28817645034374073 0.35482654293818455 0.3526234817669481 0.6723140282577069
0 0.7999873866266668 0.051882714612240255 0.770395047625325 0.04338200854684282 0.7511028441732608 0.11054130334474518 0.7806951831746026 0.11904200941014262
0 0.8377745818568494 0.7683336138265248 0.7898125852256612 0.7669899990954546 0.7872208348575473 0.8595057475089494 0.8351828314887356 0.8608493622400195
0 0.3560513171574627 0.7485339084354959 0.348636278895455 0.6476248930628803 0.30789677603724175 0.6506185301660998 0.3153118142992494 0.7515275455387156
0 1 0.4656842109375002 0.9720267687499999 0.4656842109375002 0.9720267687499999 0.6074003796875002 1 0.6074003796875002
0 0.9991578734375001 0.8846315796875001 0.9847778427481335 0.8846031143141422 0.9845896114981334 0.9796930721266423 0.9989696421875 0.9797215375
0 0.5654736625000002 0.8614736843749998 0.529864737792908 0.8602133248816368 0.5275085847369186 0.9267816946292546 0.5631175094440108 0.9280420541226176
0 0.7368641760960531 0.05780247503689574 0.6963126934006365 0.05618119103361581 0.6924889218914148 0.1518211923373593 0.7330404045868314 0.15344247634063923
0 0.742675428693203 0.7844649242428302 0.7377280743696031 0.7003199481902428 0.6980452063809887 0.7026531262090187 0.7029925607045886 0.7867981022616061
0 0.7045513353391428 0.7828273331272066 0.5636224945380854 0.7756035377871288 0.5525113948324176 0.9923697012548557 0.6934402356334749 0.9995934965949337