1 0.16406250000000006 0.4609375 5.644856339819831e-17 0.4609375 6.840800479612169e-17 0.65625 0.16406250000000008 0.65625
1 0.13281250000000006 0.25 3.061616997868383e-17 0.25 4.372371775080784e-17 0.4640625 0.13281250000000006 0.4640625
1 0.1921875 0.14687500000000003 0.08125000000000002 0.146875 0.08125000000000003 0.3140625 0.19218750000000004 0.3140625
1 0.01718750000000002 0.125 1.5308084989341915e-17 0.125 1.865672858076046e-17 0.1796875 0.017187500000000022 0.1796875
1 0.959375 0.4890625000000002 0.9234375 0.4890625000000002 0.9234375 0.5562500000000001 0.959375 0.5562500000000001
1 0.996875 9.749336627587133e-17 0.5953125 7.290475476174086e-17 0.5953125 0.5281250000000001 0.996875 0.5281250000000002
1 0.478125 0.10312500000000005 0.45 0.10312500000000005 0.45 0.14218750000000005 0.478125 0.14218750000000005
1 0.11406250000000014 0.91875 0.04687500000000011 0.91875 0.04687500000000012 0.990625 0.11406250000000014 0.990625
1 0.2812500000000001 0.853125 0.2140625000000001 0.853125 0.2140625000000001 0.9203125 0.2812500000000001 0.9203125
1 0.3000000000000001 0.709375 0.26250000000000007 0.709375 0.26250000000000007 0.7578125 0.3000000000000001 0.7578125
1 0.3343750000000001 0.6578125 0.05312500000000009 0.6578125 0.05312500000000009 0.8078125 0.3343750000000001 0.8078125
1 0.7484375000000001 0.659375 0.609375 0.659375 0.6093750000000001 0.7640625000000001 0.7484375000000002 0.7640625000000002