1 0.3765625 3.386913803891899e-17 0.1765625 2.1622670047445454e-17 0.17656250000000004 0.5546875 0.3765625000000001 0.5546875
1 0.996875 0.4265625000000002 0.9375 0.4265625000000002 0.9375 0.5156250000000002 0.996875 0.5156250000000002
1 0.9015625 0.0812500000000001 0.78125 0.08125000000000009 0.78125 0.2984375000000001 0.9015625 0.2984375000000001
1 0.4984375 0.2093750000000001 0.3796875 0.2093750000000001 0.37968750000000007 0.4703125 0.4984375 0.4703125
1 0.017187500000000116 0.9421875 1.1538469060716468e-16 0.9421875 1.1701117463728226e-16 0.96875 0.017187500000000116 0.96875
1 0.2234375000000001 0.6296875 0.11562500000000009 0.6296875 0.11562500000000009 0.6421875 0.2234375000000001 0.6421875
1 0.13906250000000014 0.9890625 0.07031250000000011 0.9890625 0.07031250000000012 0.9984375 0.13906250000000014 0.9984375
1 0.1062500000000001 0.7796875 0.018750000000000093 0.7796875 0.018750000000000096 0.821875 0.1062500000000001 0.821875
1 0.0750000000000001 0.6828125 8.362041425428021e-17 0.6828125 8.668203125214859e-17 0.7328125 0.0750000000000001 0.7328125
1 0.9984375 0.6296875000000002 0.759375 0.6296875000000002 0.7593750000000001 0.7546875000000002 0.9984375 0.7546875000000002
1 0.7625000000000001 0.6296875000000001 0.5484375 0.6296875 0.5484375000000001 0.7890625000000001 0.7625000000000002 0.7890625000000002
1 0.615625 0.6296875 0.4453125 0.6296875 0.4453125 0.6640625 0.615625 0.6640625
1 0.47656250000000017 0.728125 0.4234375000000002 0.728125 0.4234375000000002 0.7671875 0.47656250000000017 0.7671875