1 0.384375 0.07968750000000005 0.3421875 0.07968750000000005 0.3421875 0.14843750000000006 0.384375 0.14843750000000006
1 0.10156250000000004 0.2796875 0.07031250000000004 0.2796875 0.07031250000000004 0.328125 0.10156250000000004 0.328125
1 0.625 0.27656250000000004 0.34375 0.2765625 0.34375000000000006 0.6375 0.625 0.6375
1 0.12968750000000007 0.5296875 0.03593750000000007 0.5296875 0.035937500000000074 0.6375 0.1296875000000001 0.6375
1 0.996875 1.0926145661142792e-16 0.7875 9.644093543285407e-17 0.7875 0.5500000000000002 0.996875 0.5500000000000002
1 0.75 0.3218750000000001 0.7109375 0.3218750000000001 0.7109375 0.3937500000000001 0.75 0.3937500000000001
1 0.990625 0.5484375000000001 0.95625 0.5484375000000001 0.95625 0.5968750000000002 0.990625 0.5968750000000002
1 0.6562500000000002 0.815625 0.6281250000000002 0.815625 0.6281250000000002 0.8796875 0.6562500000000002 0.8796875
1 0.6250000000000001 0.6765625 0.3203125000000001 0.6765625 0.3203125000000001 0.9984375 0.6250000000000002 0.9984375
1 0.7046875000000001 0.8078125 0.6593750000000002 0.8078125 0.6593750000000002 0.996875 0.7046875000000001 0.996875
1 0.85625 0.9015625 0.8078125 0.9015625 0.8078125 0.9765625 0.85625 0.9765625