1 0.14375000000000002 0.05312500000000001 0.010937500000000006 0.053125 0.010937500000000015 0.2046875 0.14375000000000004 0.2046875
1 0.26406250000000003 0.19843750000000002 2.430158492058029e-17 0.1984375 4.468047306264171e-17 0.53125 0.2640625000000001 0.53125
1 0.6046875 0.018750000000000065 0.471875 0.018750000000000055 0.471875 0.10000000000000006 0.6046875 0.10000000000000009
1 0.921875 0.0890625000000001 0.765625 0.08906250000000009 0.765625 0.1812500000000001 0.921875 0.18125000000000013
1 0.8265625 0.36406250000000007 0.5859375 0.36406250000000007 0.5859375 0.5875000000000001 0.8265625 0.5875000000000001
1 0.5375000000000002 0.959375 0.40937500000000016 0.959375 0.40937500000000016 0.9984375 0.5375000000000002 0.9984375
1 0.5703125000000001 0.6078125 0.1906250000000001 0.6078125 0.1906250000000001 0.8828125 0.5703125000000002 0.8828125
1 0.2093750000000001 0.8484375 0.07656250000000012 0.8484375 0.07656250000000012 0.9359375 0.2093750000000001 0.9359375
1 0.3812500000000001 0.5609375 6.869503138967185e-17 0.5609375 7.835826003919394e-17 0.71875 0.3812500000000001 0.71875
1 0.0593750000000001 0.7921875 9.701498861995439e-17 0.7921875 9.998093008663938e-17 0.840625 0.05937500000000011 0.840625
1 0.04062500000000011 0.890625 1.0907010554906115e-16 0.890625 1.1136631829746244e-16 0.928125 0.04062500000000011 0.928125
1 0.9734375 0.896875 0.815625 0.896875 0.815625 0.9890625 0.9734375 0.9890625
1 0.846875 0.7765625 0.6656250000000001 0.7765625 0.6656250000000001 0.88125 0.846875 0.88125
1 0.99375 0.5828125000000001 0.571875 0.5828125 0.5718750000000001 1 0.99375 1