1 0.3609375 0.08906250000000004 0.3140625 0.08906250000000004 0.3140625 0.16093750000000004 0.3609375 0.16093750000000004
1 0.09062500000000004 0.3078125 0.05625000000000004 0.3078125 0.05625000000000004 0.359375 0.09062500000000004 0.359375
1 0.634375 0.26875000000000004 0.328125 0.26875 0.32812500000000006 0.6484375 0.634375 0.6484375
1 0.14062500000000008 0.5546875 0.03906250000000007 0.5546875 0.03906250000000007 0.6703125 0.14062500000000008 0.6703125
1 0.9984375 1.0715659492539341e-16 0.7515625 9.203986099841827e-17 0.7515625 0.5296875000000002 0.9984375 0.5296875000000002
1 0.7421875 0.3046875000000001 0.6984375 0.3046875000000001 0.6984375 0.37968750000000007 0.7421875 0.37968750000000007
1 0.996875 0.5140625000000002 0.959375 0.5140625000000002 0.959375 0.5656250000000002 0.996875 0.5656250000000002
1 0.6828125000000002 0.8046875 0.6500000000000001 0.8046875 0.6500000000000001 0.8703125 0.6828125000000002 0.8703125
1 0.659375 0.665625 0.33281250000000007 0.665625 0.33281250000000007 1 0.6593750000000002 1
1 0.7375000000000002 0.7937500000000001 0.6796875000000002 0.79375 0.6796875000000002 0.9859375 0.7375000000000002 0.9859375
1 0.8890625 0.8765625 0.8359375 0.8765625 0.8359375 0.9546875 0.8890625 0.9546875