1 0.12812500000000002 0.07031250000000001 8.610797806504827e-18 0.0703125 1.7604297737743203e-17 0.2171875 0.12812500000000004 0.2171875
1 0.25468750000000007 0.2171875 2.659779766898158e-17 0.2171875 4.6402632623942676e-17 0.540625 0.25468750000000007 0.540625
1 0.5875 0.020312500000000063 0.4578125 0.020312500000000056 0.4578125 0.09687500000000007 0.5875 0.09687500000000007
1 0.90625 0.0796875000000001 0.753125 0.07968750000000009 0.753125 0.16562500000000008 0.90625 0.16562500000000008
1 0.821875 0.3609375000000001 0.5890625 0.3609375000000001 0.5890625 0.5765625000000001 0.821875 0.5765625000000002
1 0.5531250000000002 0.9625 0.42500000000000016 0.9625 0.42500000000000016 0.9984375 0.5531250000000002 0.9984375
1 0.5750000000000001 0.6171875 0.20468750000000008 0.6171875 0.20468750000000008 0.8796875 0.5750000000000002 0.8796875
1 0.2218750000000001 0.8625 0.09218750000000012 0.8625 0.09218750000000012 0.9453125 0.2218750000000001 0.9453125
1 0.3843750000000001 0.5796875 7.099124413807313e-17 0.5796875 7.979339300694474e-17 0.7234375 0.3843750000000001 0.7234375
1 0.0703125000000001 0.8109375 9.931120136835567e-17 0.8109375 1.0208579177267389e-16 0.85625 0.07031250000000011 0.85625
1 0.05468750000000011 0.9078125 1.1117496723509566e-16 0.9078125 1.1337550445231355e-16 0.94375 0.05468750000000011 0.94375
1 0.9859375 0.884375 0.83125 0.884375 0.83125 0.971875 0.9859375 0.971875
1 0.85625 0.7703125000000001 0.6781250000000002 0.7703125 0.6781250000000002 0.86875 0.85625 0.86875
1 0.996875 0.5796875000000001 0.5890625 0.5796875 0.5890625 0.996875 0.996875 0.996875