1 0.31875000000000003 0.35625 0.2265625 0.35625 0.22656250000000006 0.475 0.3187500000000001 0.475
1 0.29531250000000003 0.18593750000000003 0.12187500000000004 0.1859375 0.12187500000000004 0.44375 0.2953125000000001 0.44375
1 0.03593750000000004 0.246875 0.015625000000000028 0.246875 0.015625000000000035 0.325 0.035937500000000046 0.325
1 0.421875 4.6689659217492833e-17 0.340625 4.171453159595672e-17 0.340625 0.02343750000000005 0.421875 0.02343750000000005
1 0.8359375 0.3859375000000001 0.70625 0.3859375000000001 0.70625 0.5609375000000001 0.8359375 0.5609375000000002
1 0.771875 7.625339835315942e-17 0.4734375 5.79793718971325e-17 0.4734375 0.4796875000000001 0.771875 0.47968750000000016
1 0.4531250000000001 0.6203125 0.3125000000000001 0.6203125 0.3125000000000001 0.8546875 0.45312500000000017 0.8546875
1 0.3453125000000001 0.478125 5.855342508423283e-17 0.478125 8.859554187581632e-17 0.96875 0.3453125000000001 0.96875
1 0.8515625 0.9078125 0.7109375000000002 0.9078125 0.7109375000000002 1 0.8515625 1
1 0.5312500000000002 0.821875 0.41718750000000016 0.821875 0.41718750000000016 1 0.5312500000000002 1
1 0.5437500000000001 0.5859375 0.4359375 0.5859375 0.4359375000000001 0.8171875 0.5437500000000002 0.8171875
1 0.6625 0.5875 0.5890625 0.5875 0.5890625 0.7 0.6625 0.7