1 0.17812500000000006 0.3671875 4.4967499656191874e-17 0.3671875 5.855342508423283e-17 0.5890625 0.1781250000000001 0.5890625
1 0.18750000000000003 0.15937500000000002 0.017187500000000022 0.159375 0.017187500000000036 0.3953125 0.18750000000000006 0.3953125
1 0.265625 0.07343750000000002 0.125 0.07343750000000002 0.12500000000000003 0.259375 0.265625 0.259375
1 0.09843750000000001 0.03593750000000001 0.0703125 0.03593750000000001 0.07031250000000001 0.09375000000000001 0.09843750000000002 0.09375000000000003
1 0.953125 0.5687500000000002 0.9046875 0.5687500000000002 0.9046875 0.6421875000000001 0.953125 0.6421875000000001
1 1 0.026562500000000093 0.5875 0.026562500000000065 0.5875 0.6218750000000001 1 0.6218750000000002
1 0.5546875 0.10156250000000007 0.51875 0.10156250000000004 0.51875 0.14531250000000007 0.5546875 0.1453125000000001
1 0.039062500000000104 0.825 1.0103336092965664e-16 0.825 1.0610416408237614e-16 0.9078125 0.03906250000000011 0.9078125
1 0.2171875000000001 0.7921875 0.1390625000000001 0.7921875 0.1390625000000001 0.8703125 0.2171875000000001 0.8703125
1 0.2640625000000001 0.659375 0.2171875000000001 0.659375 0.2171875000000001 0.7140625 0.2640625000000001 0.7140625
1 0.3078125000000001 0.5703125 0.0031250000000000696 0.5703125 0.0031250000000000817 0.7703125 0.3078125000000001 0.7703125
1 0.7125000000000001 0.678125 0.55625 0.678125 0.5562500000000001 0.8078125 0.7125000000000001 0.8078125