1 0.2515625 0.16250000000000003 0.184375 0.16250000000000003 0.184375 0.24375 0.2515625 0.24375
1 0.06562500000000007 0.4609375 0.017187500000000057 0.4609375 0.017187500000000057 0.51875 0.06562500000000007 0.51875
1 0.6703125 0.24531250000000004 0.2671875 0.2453125 0.2671875 0.6890625 0.6703125 0.6890625
1 0.2171875000000001 0.6765625 0.08750000000000009 0.6765625 0.08750000000000009 0.8140625 0.2171875000000001 0.8140625
1 0.9734375 9.376202055971923e-17 0.5578125 6.831232926493829e-17 0.5578125 0.4281250000000001 0.9734375 0.4281250000000002
1 0.684375 0.23593750000000008 0.6203125 0.23593750000000008 0.6203125 0.31718750000000007 0.684375 0.31718750000000007
1 0.9875 0.3437500000000001 0.9359375 0.3437500000000001 0.9359375 0.4031250000000002 0.9875 0.4031250000000002
1 0.7968750000000001 0.7250000000000002 0.7453125 0.7250000000000002 0.7453125 0.7953125000000002 0.7968750000000002 0.7953125000000002
1 0.815625 0.6093750000000001 0.40625 0.609375 0.4062500000000001 1 0.815625 1
1 0.8875 0.6984375000000002 0.7703125 0.6984375000000002 0.7703125000000001 0.8890625 0.8875 0.8890625
1 1 0.7218750000000002 0.94375 0.7218750000000002 0.94375 0.809375 1 0.809375