1 0.3078125000000001 0.4203125 0.2078125000000001 0.4203125 0.2078125000000001 0.54375 0.3078125000000001 0.54375
1 0.26250000000000007 0.26875 0.07343750000000002 0.26875 0.07343750000000004 0.534375 0.26250000000000007 0.534375
1 0.290625 0.03125000000000003 0.2078125 0.03125000000000002 0.2078125 0.07812500000000003 0.290625 0.07812500000000004
1 0.821875 0.30937500000000007 0.6828125 0.30937500000000007 0.6828125 0.4906250000000001 0.821875 0.4906250000000002
1 0.709375 6.687719629718749e-17 0.3828125 4.6881010279859617e-17 0.38281250000000006 0.4625 0.709375 0.4625
1 0.5296875000000001 0.6421875 0.3750000000000001 0.6421875 0.3750000000000001 0.88125 0.5296875000000002 0.88125
1 0.4359375000000001 0.5546875 0.03593750000000007 0.5546875 0.035937500000000094 1 0.4359375000000002 1
1 0.975 0.8078125 0.828125 0.8078125 0.828125 0.94375 0.975 0.94375
1 0.6515625000000002 0.8109375 0.5265625000000002 0.8109375 0.5265625000000002 0.9953125 0.6515625000000002 0.9953125
1 0.6062500000000001 0.5796875 0.484375 0.5796875 0.4843750000000001 0.8140625 0.6062500000000002 0.8140625
1 0.7 0.546875 0.6203125 0.546875 0.6203125 0.6625 0.7 0.6625