1 0.515625 0.425 0.2953125000000001 0.425 0.2953125000000001 0.6484375 0.515625 0.6484375
1 0.8296875 0.3937500000000001 0.7453125 0.3937500000000001 0.7453125 0.47187500000000016 0.8296875 0.47187500000000016
1 0.7625 0.5750000000000001 0.7046875 0.575 0.7046875 0.6218750000000001 0.7625 0.6218750000000002
1 0.5906250000000002 0.8203125 0.5515625000000002 0.8203125 0.5515625000000002 0.8578125 0.5906250000000002 0.8578125
1 0.5171875000000001 0.83125 0.4593750000000002 0.83125 0.4593750000000002 0.86875 0.5171875000000001 0.86875
1 0.4453125 0.6640625 0.38750000000000007 0.6640625 0.38750000000000007 0.7203125 0.4453125 0.7203125
1 0.6265625 0.5015625 0.590625 0.5015625 0.590625 0.5359375 0.6265625 0.5359375
1 0.17968750000000008 0.6328125 0.12656250000000008 0.6328125 0.12656250000000008 0.6828125 0.17968750000000008 0.6828125
1 0.38750000000000007 0.321875 0.328125 0.321875 0.32812500000000006 0.36875 0.38750000000000007 0.3687500000000001
1 0.5328125 0.2515625000000001 0.5015625 0.2515625000000001 0.5015625 0.2890625000000001 0.5328125 0.2890625000000001
1 0.5421875 0.08437500000000006 0.4765625 0.08437500000000006 0.4765625 0.14375000000000004 0.5421875 0.14375000000000004
1 0.11250000000000004 0.5015625 0.07187500000000006 0.5015625 0.07187500000000006 0.5421875 0.11250000000000004 0.5421875
1 0.08906250000000002 0.1875 0.04687500000000002 0.1875 0.04687500000000003 0.2328125 0.08906250000000002 0.2328125