1 0.6140625 0.428125 0.5109375 0.428125 0.5109375 0.5203125 0.6140625 0.5203125
1 0.4890625 0.5828125 0.4421875 0.5828125 0.4421875 0.6296875 0.4890625 0.6296875
1 0.30312500000000003 0.3421875 0.07656250000000005 0.3421875 0.07656250000000006 0.5609375 0.3031250000000001 0.5609375
1 0.7609375000000002 0.7265625000000001 0.7203125000000001 0.7265625 0.7203125000000001 0.7625000000000001 0.7609375000000002 0.7625000000000002
1 0.2171875 0.25 0.17500000000000004 0.25 0.17500000000000004 0.2921875 0.2171875 0.2921875
1 0.4375 0.08906250000000004 0.375 0.08906250000000004 0.375 0.14687500000000003 0.4375 0.14687500000000003
1 0.39531250000000007 0.4859375 0.3593750000000001 0.4859375 0.3593750000000001 0.5171875 0.39531250000000007 0.5171875
1 0.3468750000000001 0.40625 0.3125000000000001 0.40625 0.3125000000000001 0.4390625 0.3468750000000001 0.4390625
1 0.2093750000000001 0.74375 0.1609375000000001 0.74375 0.1609375000000001 0.7859375 0.2093750000000001 0.7859375
1 0.2734375000000001 0.746875 0.23437500000000008 0.746875 0.23437500000000008 0.7921875 0.2734375000000001 0.7921875
1 0.2484375000000001 0.7 0.2156250000000001 0.7 0.2156250000000001 0.734375 0.2484375000000001 0.734375
1 0.17187500000000008 0.5703125 0.12500000000000008 0.5703125 0.12500000000000008 0.6265625 0.17187500000000008 0.6265625