1 0.5953125 0.4078125 0.496875 0.4078125 0.496875 0.49375 0.5953125 0.49375
1 0.5359375 0.5890625 0.490625 0.5890625 0.490625 0.6328125 0.5359375 0.6328125
1 0.3062500000000001 0.484375 0.09062500000000007 0.484375 0.09062500000000008 0.690625 0.3062500000000001 0.690625
1 0.840625 0.6031250000000001 0.8015625 0.6031250000000001 0.8015625 0.6375000000000002 0.840625 0.6375000000000002
1 0.14687500000000003 0.4015625 0.10781250000000005 0.4015625 0.10781250000000005 0.440625 0.14687500000000003 0.440625
1 0.284375 0.16562500000000005 0.2234375 0.16562500000000005 0.2234375 0.2203125 0.284375 0.2203125
1 0.40625 0.540625 0.37187500000000007 0.540625 0.37187500000000007 0.56875 0.40625 0.56875
1 0.3296875000000001 0.4859375 0.2968750000000001 0.4859375 0.2968750000000001 0.5171875 0.3296875000000001 0.5171875
1 0.34843750000000007 0.853125 0.3031250000000001 0.853125 0.3031250000000001 0.8921875 0.34843750000000007 0.8921875
1 0.40937500000000016 0.8265625 0.3734375000000001 0.8265625 0.3734375000000001 0.8703125 0.40937500000000016 0.8703125
1 0.36406250000000007 0.79375 0.33281250000000007 0.79375 0.33281250000000007 0.8265625 0.36406250000000007 0.8265625
1 0.2453125000000001 0.7109375 0.2015625000000001 0.7109375 0.2015625000000001 0.7640625 0.2453125000000001 0.7640625