0 0.560546875 0.5183388203125 0.507812503125 0.5183388203125 0.507812503125 0.6165090421875 0.560546875 0.6165090421875
0 0.47239460861395893 0.5604367058138633 0.4198802142878796 0.5561312502413329 0.4119481547398053 0.6528799672837691 0.46446254906588463 0.6571854228562993
0 0.2374302714833633 0.4778189041832205 0.1807511391232767 0.3229847534641853 0.08506114972301726 0.3580133666581466 0.14174028208310385 0.5128475173771817
0 0.3058958504805323 0.06195769395986992 0.23177090898520544 0.051528597937051134 0.21241834049359593 0.18907724108753804 0.28654328198892276 0.19950633711035684
0 0.2586174607628681 0.8133766194554516 0.2571518000985892 0.6190701815632299 0.17207416293100858 0.6197119253343524 0.17353982359528758 0.8140183632265741
0 0.9433846141047854 0.5651618739275578 0.9414944741072653 0.4265821309946681 0.8868344528406791 0.42732765909476933 0.8887245928381992 0.5659074020276591
0 0.7545332732567994 0.4494376561357649 0.7347629828969713 0.33210763722778236 0.6842420665078602 0.3406204900812423 0.7040123568676884 0.45795050898922485
0 0.9396616226591717 0.05905607868652496 0.9327403037546638 0.0006654930487239197 0.9025381403841244 0.004245501743793789 0.9094594592886324 0.06263608738159483
0 0.969819798760561 0.10318616431859047 0.9374151182828439 0.09822228141351533 0.9282558404768885 0.1580148825655639 0.9606605209546057 0.16297876547063903
0 0.6214138326202714 0.25905572858177717 0.6159495559120547 0.18771237348402028 0.5874959069468674 0.18989167401020393 0.5929601836550841 0.26123502910796076
0 0.8503962203125001 0.17344436875000008 0.8001168265624999 0.17344436875000008 0.8001168265624999 0.30136977968750006 0.8503962203125001 0.30136977968750006
0 0.539809750322918 0.016657609218391812 0.44568737104550393 0.002990509679056763 0.42117816264248475 0.17178016416710806 0.5153005419198988 0.1854472637064431