0 0.5476450633909943 0.2698476566577023 0.5205386642650855 -0.013279312830575091 0.2844943753208597 0.009319419883153313 0.3116007744467685 0.29244638937143064
0 0.4657104186765938 0.5094222563538967 0.16105130088089184 0.40339899072490626 0.03284021419226466 0.7718150768589755 0.3374993319879666 0.877838342487966
0 0.7541560737972438 0.47924474843470904 0.7438904801401802 0.3828821894933376 0.6879836883912113 0.388837992380579 0.6982492820482749 0.48520055132195045
0 0.562483633962358 0.279743223429827 0.46451000513522744 0.25886847082427833 0.4329364236018229 0.40705601662899776 0.5309100524289535 0.42793076923454637
0 1 0.0059584625000001215 0.96086580625 0.00595846250000012 0.96086580625 0.11378004218750012 1 0.11378004218750012
0 0.8779172391593477 0.623516913850971 0.8209045328366997 0.5500051146089106 0.7413687662762258 0.6116897604455275 0.7983814725988738 0.685201559687588
0 0.6978128959561083 0.9388608024020926 0.6704414892815836 0.8959689403027505 0.6156399357175479 0.9309405068326162 0.6430113423920727 0.9738323689319582
0 0.7206756673988617 0.812041836247249 0.6361056522574366 0.7976664738537035 0.62222452879348 0.8793288896863561 0.706794543934905 0.8937042520799018
0 0.5609705931641951 0.9060546724672685 0.542612705171908 0.846972829991589 0.5015577196555286 0.8597294197330972 0.5199156076478156 0.9188112622087768
0 0.6325683745775266 0.37536310611943857 0.5601015483964391 0.35873522824200893 0.5407733254896063 0.4429705696429698 0.6132401516706937 0.45959844752039947
0 0.4010489030892351 0.47577769464192404 0.3997024968749999 0.37827962031249995 0.344224858956091 0.3790457424842336 0.3455712651703261 0.47654381681365765