0 0.22979681876391328 0.2287453244120179 0.18942552756292744 0.2262353352172802 0.18518080925186237 0.2945084414766375 0.22555210045284824 0.2970184306713752
0 0.13671874843750015 0.9188733578124999 0.11718749687500014 0.9188733578124999 0.11718749687500014 0.9699218734375 0.13671874843750015 0.9699218734375
0 0.7480468750000002 0.92280016875 0.7070312515625001 0.92280016875 0.7070312515625001 0.9954461374999999 0.7480468750000002 0.9954461374999999
0 0.7402343765625 0.5418996734375001 0.695312503125 0.5418996734375 0.695312503125 0.6165090421875 0.7402343765625 0.6165090421875001
0 0.23632812500000008 0.40838815781250004 0.20703125156250007 0.40838815781250004 0.20703125156250007 0.4574732734375 0.23632812500000008 0.4574732734375
0 0.4282912644770914 0.7282736328016175 0.3856860618712784 0.7276335733560917 0.38433669614117516 0.8174533560688599 0.4269418987469883 0.8180934155143857
0 1.0000000000000002 0.5649453046875 0.9987599796875001 0.45508767343749995 0.9801850580333487 0.4552973382545197 0.9814250783458487 0.5651549695045197
0 0.3392045554002148 0.08128006642804053 0.3070774189488502 0.05747188416940226 0.2821937479236355 0.09105030211636171 0.3143208843750001 0.11485848437499999
0 0.5702776164337319 0.46399241366870553 0.54817925625 0.4056517890625001 0.5129255615519879 0.41900524299794395 0.5350239217357198 0.4773458676041494
0 0.04042973217624461 0.06454989512107952 0.018435890625000007 0.023337779687500004 -0.008402526041981101 0.037660749461065825 0.013591315509263503 0.07887286489464533
0 0.3091181019587195 0.8711041550815046 0.2886348042435402 0.7921352196783913 0.25670735189744975 0.8004166978109479 0.277190649612629 0.8793856332140614