0 0.25648290577205607 0.4818661217766868 0.21037386210807152 0.41080036167275 0.15637710543423383 0.4458346567755699 0.20248614909821844 0.5169004168795067
0 0.6713686173808524 0.997944731558926 0.6684788351775433 0.8250803508794995 0.5509110195851393 0.8270457377327398 0.5538008017884486 0.9999101184121664
0 0.8215545948147976 0.9263545666951944 0.7657808750000001 0.8317610109375 0.6998349306910138 0.8706436873666761 0.7556086505058113 0.9652372431243705
0 0.3189255287753828 0.5508346933195838 0.24293998669190536 0.5492431589122171 0.24024524865013572 0.6778995862750509 0.31623079073361315 0.6794911206824177
0 0.8396769617372911 0.715079320540392 0.8353197244978506 0.4174774310664236 0.6470132773497148 0.4202344561155281 0.6513705145891552 0.7178363455894965
0 1.0013476771825676 0.0032074513117427705 0.9086218170455147 0.0002546009642848124 0.9050677623470886 0.11185957246898832 0.9977936224841415 0.11481242281644628
0 0.585846982444558 0.471461438275271 0.5557532890301436 0.39279937893915273 0.5078765495826219 0.4111155523367893 0.5379702429970361 0.48977761167290756
0 0.23426322968750002 1.9157592282718237e-17 0.0786039953125 9.626213125964669e-18 0.07860399531250001 0.1304094578125 0.23426322968750002 0.13040945781250002
0 0.368859224684944 0.14913506586060793 0.3600413625886023 0.08834069163756224 0.3259758075252252 0.09328169762081528 0.33479366962156687 0.154076071843861
0 0.8383184778879841 0.207536864962847 0.8071207953125 0.19328507343750007 0.785178946147953 0.24131656787363726 0.8163766287234372 0.25556835939898426
0 0.9690142760641882 0.5557611918504834 0.9248246390625001 0.46029873906249996 0.872837501772605 0.48436362173107694 0.9170271387742931 0.5798260745190604
0 0.5053980155942803 0.29255276027636345 0.4465051899508733 0.2803028278581384 0.43110575618646124 0.3543372091699434 0.48999858182986833 0.3665871415881684