0 0.8398437484375 0.0942434203125001 0.7851562515625 0.09424342031250009 0.7851562515625 0.1806332203125001 0.8398437484375 0.1806332203125001
0 0.6425673636072219 0.26906216999364574 0.589782897633052 0.2615610082383554 0.5782187931752958 0.342935747003544 0.6310032591494656 0.35043690875883443
0 0.5916244262106212 0.18658004392780753 0.5781347681407587 0.0374126289148088 0.5078642853283912 0.043767400065467865 0.5213539433982538 0.19293481507846658
0 0.8066406234375 9.573532829470107e-17 0.7539062515625 9.25062793086128e-17 0.7539062515625 0.06479234687500009 0.8066406234375 0.06479234687500009
0 0.9023437484375 0.5850945687500002 0.8867187484375 0.5850945687500002 0.8867187484375 0.6263260734375001 0.9023437484375 0.6263260734375001
0 0.38130212744633235 0.1588778239505481 0.3222377314918578 0.15561365646132602 0.31719210121864416 0.2469132314007223 0.3762564971731187 0.2501773988899444
0 0.07955915382839725 0.08785953521157748 0.0739128922901333 -0.002956050690818856 0.020408768603471926 0.00037045183304518486 0.02605503014173587 0.09118603773544151
0 0.38680692183048554 0.718198689581879 0.24565085407731235 0.6868283169943683 0.1834222461029219 0.9668360082933806 0.32457831385609504 0.9982063808808913
0 0.1997192755995006 0.40286864701065445 0.19834085463926263 0.24503593135066332 0.11616828269289722 0.24575357974855025 0.1175467036531352 0.4035862954085413
0 0.430794328885692 0.3782920443249064 0.37282712491802433 0.3710778040498574 0.36193574005812756 0.45859126403920075 0.4199029440257952 0.4658055043142498
0 0.5063423172417552 0.45914118988546526 0.49484361984753045 0.37994654133013334 0.44916155642909583 0.38657936606229126 0.4606602538233206 0.46577401461762324
0 0.5090653411487149 0.6815273321265412 0.4994943737788954 0.46619679989983576 0.38849999197629814 0.47113025543668235 0.39807095934611775 0.6864607876633878
0 0.6435070350928114 0.51983783585346 0.5316724839642695 0.512752211437585 0.5176201394954071 0.734544610207397 0.629454690623949 0.741630234623272
0 0.6506446071357248 0.460861739355258 0.6142960407256222 0.45913844209043597 0.611137758814578 0.5257543545791495 0.6474863252246806 0.5274776518439716
0 0.7589261428439521 0.30748168616184995 0.6906025340813362 0.29664633132529283 0.6718714110869909 0.4147576381033854 0.7401950198496068 0.42559299293994257
0 0.98228159631023 0.32977614192277854 0.8636879716602198 0.27796753132942936 0.7854683646274246 0.45701782066317664 0.9040619892774349 0.5088264312565258
0 0.8347625212750002 0.7264879153317292 0.7319825949608522 0.6565620181658778 0.6094909202058021 0.8366052613088325 0.7122708465199501 0.9065311584746839
0 0.8414896812176045 0.810119830869561 0.7774541173706881 0.8083154071915823 0.7741235352030232 0.926511432685901 0.8381590990499396 0.9283158563638795
0 0.6378017913898801 0.7857317339837309 0.5347384404773874 0.7765776758222216 0.5184721766659874 0.9597156486918506 0.6215355275784804 0.9688697068533598
0 0.8906671068914166 0.9859856930435738 0.8888418237578805 0.9236614968099002 0.8530361498583849 0.9247101343632608 0.8548614329919211 0.9870343305969345
0 0.09960267805479821 0.8595248084887134 0.06135171463912677 0.855359104883368 0.0553313279456922 0.9106404241935712 0.09358229136136365 0.9148061277989166