0 0.1668205362422988 0.0543606526342275 0.11853410076060429 0.04091752719877242 0.0997834402801296 0.10826812672094013 0.14806987576182412 0.1217112521563952
0 0.37239664762535846 0.33862413677497355 0.33814698424897166 0.30202575224261397 0.2988010476302092 0.33884664206166465 0.333050711006596 0.37544502659402423
0 0.4426637020286709 0.2090040676716029 0.41696332968749994 0.1709473687500001 0.39435672781656184 0.186214013044309 0.42005710015773284 0.22427071196591183
0 0.25811568369561816 0.662846258656473 0.09885184574321812 0.620115104908393 0.04014651766729242 0.8389164954055268 0.1994103556196925 0.8816476491536067
0 0.460006596875 0.06829278906250005 0.44209422031249995 0.06829278906250005 0.44209422031249995 0.09726315781250004 0.460006596875 0.09726315781250006
0 0.19840326101398137 0.2399570493718049 0.17552256983092557 0.22683187217426534 0.15496068699789328 0.2626767285266035 0.1778413781809491 0.27580190572414304
0 0.6598133195635296 0.23389837230574756 0.6333809890624998 0.18959204218750006 0.5975539363635187 0.21096579386790074 0.6239862668645484 0.25527212398614824
0 0.7092978300368669 0.013924062484281713 0.6842621303045255 0.012057066745108652 0.6802362663720994 0.06604236433348294 0.7052719661044407 0.067909360072656
0 0.5931782140624999 0.005958462500000072 0.5489005031249999 0.0059584625000000686 0.5489005031249999 0.046391589062500065 0.5931782140624999 0.04639158906250007
0 0.13419680625000002 0.004273746875000005 0.0305758953125 0.0025263156250000035 0.029678276914480845 0.05575418142916536 0.13329918785198086 0.057501612679165356
0 0.2996005946391681 0.770811785431293 0.23778789309500584 0.7446355516475917 0.20798598408203328 0.815009942497209 0.2697986856261955 0.8411861762809103
0 0.7004004432876959 0.8505354450625612 0.666883278125 0.8398905796875 0.6503838075142944 0.8918419630137449 0.6839009726769902 0.9024868283888059
0 0.9841900354543209 0.1797839702748673 0.9371861524864757 -0.01494934357960025 0.8476949498446548 0.00665165489553241 0.8946988328125001 0.20138496874999995
0 0.9999999999999998 0.9982533265625001 0.9999546068790075 0.9291572715421861 0.9048760521915076 0.9292197340421862 0.9049214453125 0.9983157890625002
0 0.9374507792888261 0.2491411003859109 0.909395460074182 0.24821119493423388 0.9076837698478559 0.2998530211108231 0.9357390890625 0.3007829265625001
0 0.7894512723532827 0.15486285628476698 0.7766032046875 0.11714941093750002 0.7583410964714202 0.12337087386456833 0.771189164137203 0.16108431921183528