0 0.12277836399427873 0.6833374707736698 0.11682235989105753 0.5411378585148536 0.017712381280006104 0.5452890613901695 0.023668385383227304 0.6874886736489856
0 0.8429083919183686 0.6699398625825157 0.8170236453171391 0.6069667351802853 0.7728239356251165 0.6251347749842826 0.7987086822263458 0.6881079023865129
0 0.36753454445090505 0.559695608274746 0.20876010412416562 0.5336183312020294 0.16783125250241882 0.7828182569204267 0.32660569282915825 0.8088955339931433
0 0.3134190359375 0.07321485468750004 0.25701213125 0.07321485468750003 0.25701213125 0.16678004218750003 0.3134190359375 0.16678004218750003
0 0.9943042082084294 0.06630813509301921 0.9104020000849632 0.0550676940684899 0.8941570327526254 0.17632526991470057 0.9780592408760915 0.18756571093922986
0 1 0.8863817390625002 0.9954051443289075 0.6332414737483242 0.8699882711246796 0.6355179682853664 0.8745831267957721 0.8886582335995424
0 0.7812069380134843 0.3139123853792479 0.7046871029517945 0.308430221064313 0.6957359193016244 0.4333704923093672 0.7722557543633142 0.438852656624302
0 0.6225803520693868 0.6976991664417678 0.5492450974517208 0.5547500687529356 0.33067669850733405 0.666879277311168 0.40401195312500005 0.8098283750000002
0 0.7645503486578488 0.1394443674673613 0.6494717856231872 0.0931933456833461 0.6026866790553034 0.2096007811860213 0.717765242089965 0.2558518029700365
0 0.6334096657216278 0.9348635108897956 0.4533171241038028 0.9102621152558898 0.4425686328125001 0.9889455828125 0.6226611744303251 1.0135469784464057
0 0.5715027273217992 0.26078816575781216 0.4329143278834911 0.22686839834467434 0.3618430381002582 0.5172494076572399 0.5004314375385663 0.5511691750703778
0 0.8680870781250001 0.9952575312499998 0.8642216947763728 0.9053454464362227 0.7539078619638728 0.9100879151862227 0.7577732453125 0.9999999999999998
0 0.696414775238388 0.6363523229065017 0.6381862046875 0.6056861359375001 0.5980381044491121 0.6819188442809984 0.6562666750000001 0.7125850312500001
0 0.9934517005830197 0.31276989772938063 0.9116430288303181 0.3051234563338992 0.898554670064809 0.44515477164115724 0.9803633418175105 0.4528012130366387
0 0.7263749178380061 0.4391653403549219 0.6249732202161647 0.40709018071348685 0.5742493383860783 0.5674475346608707 0.6756510360079196 0.5995226943023058
0 0.7395351300106372 0.8146557606548047 0.6909045969609054 0.812377083564592 0.6862951526548207 0.9107498344167247 0.7349256857045525 0.9130285115069373
0 0.6891893588461757 0.9507299824255119 0.6646802874999999 0.8336448750000001 0.6160315529235303 0.843828367442832 0.6405406242697061 0.9609134748683438
0 0.9231121282367912 0.21247054656189493 0.846999364737024 0.17662251281595925 0.7603522786877327 0.3605921334415644 0.8364650421875 0.3964401671875001
0 0.7514115875910643 0.05683180105823086 0.7471067787721191 -0.003145598969820729 0.7032802453125 0 0.7075850541314452 0.05997740002805159
0 0.582906142347215 0.13940504553433414 0.5790120918441899 0.002644616650036741 0.46615838086598027 0.005857958795773555 0.47005243136900543 0.14261838768007093
0 0.39880024943847997 0.9261520407356094 0.3273937578905876 0.9233093903076568 0.32491359751460785 0.9856102448845476 0.39632008906250016 0.9884528953125002
0 0.4152802599281979 0.35431574470101995 0.35604093914210544 0.2965444520087289 0.2891161855356762 0.3651698325855165 0.3483555063217687 0.4229411252778076
0 0.25002042399401925 0.276761230895953 0.24638291351898806 0.14728516093571425 0.1672075068408021 0.14950952078263574 0.17084501731583326 0.2789855907428745
0 0.7607795692484901 0.751690199044692 0.7521913066994873 0.6619402740676403 0.702910034966633 0.6666560496017003 0.7114982975156356 0.7564059745787521
0 0.9434019143068717 0.4827802407991376 0.8429112871772944 0.4575377444389873 0.8017824619329229 0.6212720036398498 0.9022730890625003 0.6465145000000001