0 0.037109373437500044 0.3828125046875 4.74789827324579e-17 0.3828125046875 5.202357036799325e-17 0.457031253125 0.03710937343750005 0.457031253125
0 0.14561629231766926 0.004318492400721635 3.144186300207963e-19 0.0025890312499999998 -0.002312828650549576 0.19732340427629433 0.14330346366711968 0.19905286542701597
0 0.4855908115951502 0.01830384379306712 0.410783071803085 0.003764607493584837 0.3893156066905217 0.11421968993784362 0.4641233464825868 0.1287589262373259
0 0.25524082768012574 0.3682332826501439 0.18154502102804299 0.3563830461642204 0.1650027536730692 0.459258270471122 0.23869856032515196 0.4711085069570455
0 0.2630210099957564 0.10331826374442236 0.24563211004138014 0.008784683807960552 0.19355514606449126 0.018363937202684682 0.2109440460188675 0.1128975171391465
0 0.8777459976075062 0.4364176940068657 0.8644913719749843 0.3725283669266248 0.8317304219688211 0.37932502839642057 0.8449850476013427 0.4432143554766615
0 0.37906910506597313 0.5977300486369643 0.34702393107885643 0.4847806535845113 0.2749321157741605 0.5052340146973637 0.30697728976127714 0.618183409749817
0 0.20007089867550695 0.7204465915520941 0.17473206092754606 0.6062747754419228 0.09938975346913706 0.6229959468245643 0.12472859121709794 0.7371677629347357
0 0.9941406265625 0.09375000000000011 0.9609375 0.09375000000000011 0.9609375 0.16015625312500012 0.9941406265625 0.16015625312500012
0 0.8967341442473626 0.7579229379987001 0.7347776004108011 0.7542438712363536 0.7293229715853908 0.9943625995823695 0.8912795154219524 0.998041666344716
0 0.8721231131897766 0.5050486936193922 0.6647297508009078 0.3933233841018414 0.4328138810801219 0.8238239772120988 0.6402072434689909 0.9355492867296494
0 0.41659880118104586 0.6431323577373911 0.3981052421875 0.5962105265625002 0.36742619255746095 0.6083022288680713 0.38591975155100683 0.6552240600429622
0 0.9580203667402541 0.5715200847208266 0.9369606751314759 0.497157170027901 0.887387601668771 0.5111963405409845 0.9084472932775494 0.5855592552339102
0 0.1207186857104134 0.25614103688308243 0.029882672646750257 0.2455162336319357 0.012423568729776069 0.3947816227402899 0.10325958179343922 0.4054064259914366
0 0.27845558986497554 0.9980698322033998 0.2753784070594528 0.9380964229952019 0.23733080454072147 0.9400486119704119 0.2404079873462442 1.00002202117861
0 0.36249093699976714 0.4094616259000151 0.3467234709692495 0.3709639606278185 0.3138872878947119 0.3844126567380615 0.3296547539252295 0.4229103220102582
0 0.1444846776116664 0.9258874480264083 0.09494734687500003 0.8698947374999999 0.012330011493317982 0.9429871495105637 0.061867342229984336 0.998979860036972
0 0.1325327848175344 0.6329110875005567 0.12273906588026798 0.5461262621744749 0.08240384331559727 0.5506781159298544 0.0921975622528637 0.637462941255936
0 0.02767457808809488 0.8888834212152952 0.01284208437500003 0.8446315796875 -0.006856214025594864 0.8512341272222047 0.007976279687499987 0.8954859687499999