0 0.17787969479498275 0.11865718058538528 0.06149416524138809 0.11055054865374239 0.049016293028400736 0.2896932280619472 0.1654018225819954 0.2977998599935901
0 0.266683628775667 0.05918988954579747 0.23763275100258802 0.058145998688736614 0.23584332991664209 0.10794455080820917 0.26489420768972105 0.10898844166527002
0 0.5940124296875 0.08681831250000008 0.5198550359375 0.08681831250000008 0.5198550359375 0.19675422968750006 0.5940124296875 0.1967542296875001
0 0.618781083618821 0.3826995524023787 0.5646278664710775 0.2853030958657402 0.49792647874073437 0.3223896066307218 0.5520796958884777 0.4197860631673603
0 0.7539062515625 0.4585367812500002 0.710937496875 0.45853678125000014 0.710937496875 0.5304260203125001 0.7539062515625 0.5304260203125002
0 0.7773437484375 0.2875569687500001 0.7597656234375 0.2875569687500001 0.7597656234375 0.32641602031250005 0.7773437484375 0.32641602031250005
0 1 1.1666435093241802e-16 0.9052734390625 1.1086402195010072e-16 0.9052734390625 0.0913187703125001 1 0.09131877031250012
0 0.6816406234375002 0.8238118546875001 0.6445312515625001 0.8238118546875001 0.6445312515625001 0.8918151875 0.6816406234375002 0.8918151875
0 0.6699218750000002 0.9481608125 0.6347656234375002 0.9481608125 0.6347656234375002 0.9986775734375 0.6699218750000002 0.9986775734375
0 0.5449218750000002 0.9753621453125 0.5253906234375002 0.9753621453125 0.5253906234375002 1 0.5449218750000002 1
0 0.9960937484375 0.7150065109375002 0.966796875 0.7150065109375002 0.966796875 0.7596944171875002 0.9960937484375 0.7596944171875002