1 0.3046875000000001 0.384375 0.2234375000000001 0.384375 0.2234375000000001 0.4953125 0.3046875000000001 0.4953125
1 0.26406250000000003 0.2234375 0.11562500000000005 0.2234375 0.11562500000000005 0.4671875 0.2640625000000001 0.4671875
1 0.012500000000000042 0.2984375 3.654805291205382e-17 0.2984375 4.1236153940039786e-17 0.375 0.012500000000000044 0.375
1 0.36875 4.047074969057268e-17 0.2921875 3.5782648662586727e-17 0.2921875 0.03437500000000004 0.36875 0.034375000000000044
1 0.821875 0.3625000000000001 0.709375 0.3625000000000001 0.709375 0.5265625 0.821875 0.5265625000000002
1 0.7203125 7.280907923055748e-17 0.46875 5.740531871003217e-17 0.46875 0.45625 0.7203125 0.45625
1 0.4671875000000001 0.6375 0.34843750000000007 0.6375 0.34843750000000007 0.8609375 0.4671875000000002 0.8609375
1 0.34843750000000007 0.5296875 0.023437500000000066 0.5296875 0.023437500000000094 0.9890625 0.34843750000000007 0.9890625
1 0.8953125 0.8828125 0.7656250000000002 0.8828125 0.7656250000000002 0.9984375 0.8953125 0.9984375
1 0.5656250000000002 0.828125 0.46875000000000017 0.828125 0.46875000000000017 0.9984375 0.5656250000000002 0.9984375
1 0.5531250000000001 0.5890625 0.46875 0.5890625 0.4687500000000001 0.8125 0.5531250000000002 0.8125
1 0.6703125 0.5765625 0.6078125 0.5765625 0.6078125 0.6828125 0.6703125 0.6828125