1 0.4078125 0.08750000000000002 0.006250000000000011 0.0875 0.006250000000000047 0.6765625 0.4078125 0.6765625
1 0.9640625 0.2375000000000001 0.8734375 0.2375000000000001 0.8734375 0.3437500000000001 0.9640625 0.3437500000000001
1 0.790625 8.486419615966424e-17 0.5953125 7.290475476174086e-17 0.5953125 0.20468750000000008 0.790625 0.20468750000000008
1 0.4875 0.23281250000000003 0.2765625 0.2328125 0.27656250000000004 0.5203125 0.4875 0.5203125
1 0.30156250000000007 0.728125 0.19687500000000008 0.728125 0.19687500000000008 0.78125 0.30156250000000007 0.78125
1 0.2640625000000001 0.9109375 0.16718750000000013 0.9109375 0.16718750000000013 0.984375 0.2640625000000001 0.984375
1 0.2000000000000001 0.834375 0.11093750000000009 0.834375 0.1109375000000001 0.909375 0.2000000000000001 0.909375
1 1 0.42500000000000016 0.7890625 0.42500000000000016 0.7890625 0.6328125000000002 1 0.6328125000000002
1 0.8546875 0.5171875000000001 0.5953125 0.5171875 0.5953125000000001 0.7468750000000001 0.8546875 0.7468750000000002
1 0.6703125 0.575 0.5 0.575 0.5 0.6734375 0.6703125 0.6734375
1 0.5828125000000001 0.7203125 0.51875 0.7203125 0.51875 0.7765625 0.5828125000000002 0.7765625