1 0.23593750000000008 0.3875 0.16093750000000004 0.3875 0.16093750000000004 0.478125 0.23593750000000008 0.478125
1 0.20625000000000004 0.06250000000000001 7.654042494670958e-18 0.0625 3.128589869696754e-17 0.4484375 0.2062500000000001 0.4484375
1 0.6640625 0.3109375000000001 0.615625 0.3109375000000001 0.615625 0.409375 0.6640625 0.409375
1 0.996875 0.2734375000000001 0.9640625 0.2734375000000001 0.9640625 0.4109375000000002 0.996875 0.4109375000000002
1 0.815625 9.634525990167068e-17 0.7578125 9.280526524788537e-17 0.7578125 0.0750000000000001 0.815625 0.0750000000000001
1 0.921875 1.0964415873616147e-16 0.86875 1.0639119067592632e-16 0.86875 0.03906250000000011 0.921875 0.03906250000000011
1 0.12187500000000011 0.7203125 8.82128397510828e-17 0.7203125 1.013203875232068e-16 0.934375 0.12187500000000014 0.934375
1 0.1828125000000001 0.6171875 0.07187500000000006 0.6171875 0.07187500000000008 0.7859375 0.1828125000000001 0.7859375
1 0.84375 0.8296875 0.8078125 0.8296875 0.8078125 0.896875 0.84375 0.896875
1 0.8828125 0.5390625000000001 0.48125 0.5390625 0.48125000000000007 0.8703125 0.8828125 0.8703125
1 0.90625 0.9546875 0.7953125000000002 0.9546875 0.7953125000000002 0.996875 0.90625 0.996875