1 0.38750000000000007 0.02500000000000003 0.103125 0.025000000000000012 0.10312500000000005 0.6046875 0.38750000000000007 0.6046875
1 0.99375 0.34843750000000007 0.9203125 0.34843750000000007 0.9203125 0.4468750000000002 0.99375 0.4468750000000002
1 0.865625 0.0250000000000001 0.7125 0.025000000000000088 0.7125 0.2578125000000001 0.865625 0.2578125000000001
1 0.49375 0.21406250000000004 0.3359375 0.2140625 0.33593750000000006 0.490625 0.49375 0.490625
1 0.2484375000000001 0.671875 0.14062500000000008 0.671875 0.14062500000000008 0.7 0.2484375000000001 0.7
1 0.1609375000000001 0.8375 0.06875000000000012 0.8375 0.06875000000000012 0.89375 0.1609375000000001 0.89375
1 0.11718750000000008 0.746875 0.03593750000000009 0.746875 0.035937500000000094 0.8078125 0.11718750000000008 0.8078125
1 1 0.5500000000000002 0.7765625 0.5500000000000002 0.7765625 0.7109375000000002 1 0.7109375000000002
1 0.8046875 0.5875000000000001 0.5671875 0.5875 0.5671875000000001 0.7781250000000001 0.8046875 0.7781250000000002
1 0.640625 0.6109375 0.465625 0.6109375 0.465625 0.671875 0.640625 0.671875
1 0.5171875000000001 0.7296875 0.4593750000000002 0.7296875 0.4593750000000002 0.7765625 0.5171875000000001 0.7765625