1 0.09218750000000003 0.125 1.5308084989341915e-17 0.125 2.525834023241416e-17 0.2875 0.09218750000000005 0.2875
1 0.26250000000000007 0.253125 3.099887210341738e-17 0.253125 5.281289321322961e-17 0.609375 0.26250000000000007 0.609375
1 0.53125 0.012500000000000058 0.390625 0.01250000000000005 0.390625 0.10781250000000005 0.53125 0.10781250000000005
1 0.85625 0.028125000000000094 0.6921875 0.028125000000000087 0.6921875 0.13437500000000008 0.85625 0.13437500000000008
1 0.8296875 0.31718750000000007 0.56875 0.31718750000000007 0.56875 0.5640625000000001 0.8296875 0.5640625000000001
1 0.6218750000000002 0.95 0.4906250000000002 0.95 0.4906250000000002 1 0.6218750000000002 1
1 0.628125 0.60625 0.2234375000000001 0.60625 0.2234375000000001 0.9171875 0.6281250000000002 0.9171875
1 0.28593750000000007 0.8984375 0.1453125000000001 0.8984375 0.14531250000000012 0.9984375 0.28593750000000007 0.9984375
1 0.4171875000000001 0.5953125 0.01718750000000007 0.5953125 0.017187500000000085 0.7921875 0.41718750000000016 0.7921875
1 0.12343750000000012 0.8671875 0.04843750000000011 0.8671875 0.04843750000000011 0.921875 0.12343750000000013 0.921875
1 0.12031250000000013 0.965625 0.06093750000000011 0.965625 0.060937500000000124 1 0.12031250000000013 1
1 1 0.8125 0.88125 0.8125 0.88125 0.9203125 1 0.9203125
1 0.9046875 0.7171875000000001 0.7140625 0.7171875 0.7140625 0.840625 0.9046875 0.840625
1 1 0.5093750000000001 0.5984375 0.509375 0.5984375000000001 0.9796875 1 0.9796875